timestamp_start <- list()
timestamp_stop <- list()

timestamp_start[["AE325.csv"]] <- 96049
timestamp_start[["BI885.csv"]] <- 92193
timestamp_start[["EG088.csv"]] <- 77976
timestamp_start[["GQ839.csv"]] <- 98942
timestamp_start[["IC178.csv"]] <- 102657
timestamp_start[["LC686.csv"]] <- 87492
timestamp_start[["LD683.csv"]] <- 109002
timestamp_start[["ML427.csv"]] <- 116251
timestamp_start[["OI837.csv"]] <- 60441
timestamp_start[["RI336.csv"]] <- 107875
timestamp_start[["RN432.csv"]] <- 121017
timestamp_start[["RS439.csv"]] <- 127663
timestamp_start[["sl815.csv"]] <- 138287
timestamp_start[["SV148.csv"]] <- 84039
timestamp_start[["TA634.csv"]] <- 104168
timestamp_start[["TC975.csv"]] <- 124901
timestamp_start[["TX193.csv"]] <- 119671
timestamp_start[["AK952.csv"]] <- 92402
timestamp_start[["BX732.csv"]] <- 94076
timestamp_start[["CH539.csv"]] <- 112929
timestamp_start[["FA130.csv"]] <- 74186
timestamp_start[["KS274.csv"]] <- 63365
timestamp_start[["PY690.csv"]] <- 120881
timestamp_start[["WZ813.csv"]] <- 86976
timestamp_start[["XQ397.csv"]] <- 144894
timestamp_start[["ZY876.csv"]] <- 75522






